流掉者: 1040 , http://www.sfe.com/intersense/images/temp/20220406/105/b05e1bc8df174f129cf91e54c1398ed0.png
时间范围：2022-04-06 18:10:00 至 2022-04-06 18:20:00
refresh：False
=================================
【异常事件total】：0
new-A区F1急诊大厅2 09-1024079418_1648128196_1  ||  2022-04-06 18:19:39  ||  https://www.sfe.com/intersense/images/cognitivesvc/20220406/5a5f18e6765845019abbba917bdc0603.jpg
new-A区F1急诊大厅2 09-1024079418_1648128196_1  ||  2022-04-06 18:19:07  ||  https://www.sfe.com/intersense/images/cognitivesvc/20220406/c8a6954f943f42e191928c483564ec56.jpg
new-A区F1急诊大厅2 09-1024079418_1648128196_1  ||  2022-04-06 18:18:36  ||  https://www.sfe.com/intersense/images/cognitivesvc/20220406/f8e64ff8ffb2466885f13245e0a61ffc.jpg
new-A区F1急诊大厅2 09-1024079418_1648128196_1  ||  2022-04-06 18:18:04  ||  https://www.sfe.com/intersense/images/cognitivesvc/20220406/b7c44bb94d184797aaccc63d7a234855.jpg
new-A区F1急诊大厅2 09-1024079418_1648128196_1  ||  2022-04-06 18:15:44  ||  https://www.sfe.com/intersense/images/cognitivesvc/20220406/7010d72b46164d17a95d730db4cfc85c.jpg
fellowsfellows_personIds:['724', '884', '707', '720', '830']
密接:724，次密接total：43
848,856,735,1049,786,707,723,710,709,845,720,708,718,722,1365,757,713,774,712,818,813,816,826,830,849,779,864,1062,884,933,932,1187,1201,1721,923,1040,1036,1048,1055,1058,1061,1067,1785,
-------------------------------------
密接:884，次密接total：42
845,830,710,779,723,720,859,721,864,712,707,786,1062,1505,1527,1551,1310,1598,933,932,1365,1610,1326,1640,1644,1646,1187,1656,1662,1201,1721,923,1040,1036,1049,1048,1305,1055,1061,1067,813,735,
-------------------------------------
密接:707，次密接total：43
848,724,856,735,1049,786,723,710,709,845,720,708,718,722,1365,757,713,774,712,818,813,816,826,830,849,779,864,1062,884,933,932,1187,1201,1721,923,1040,1036,1048,1055,1058,1061,1067,1785,
-------------------------------------
密接:720，次密接total：43
848,724,856,735,1049,786,707,723,710,709,845,708,718,722,1365,757,713,774,712,818,813,816,826,830,849,779,864,1062,884,933,932,1187,1201,1721,923,1040,1036,1048,1055,1058,1061,1067,1785,
-------------------------------------
密接:830，次密接total：38
708,707,713,786,720,723,818,813,816,724,712,710,826,718,849,845,779,864,1062,884,933,932,1187,1201,1721,923,1040,1036,1049,1048,1305,1055,1058,1061,1326,1863,1866,1871,
-------------------------------------
fellowsfellows_personIds:['933', '1201', '1721', '923', '1036']
密接:933，次密接total：41
1062,830,710,720,786,884,707,712,724,932,1187,779,1201,1721,923,1040,1036,1049,1048,864,1305,1055,1058,1061,1067,813,723,1863,1866,1871,1326,1890,1897,1361,1273,1938,1943,1949,1955,1310,1969,
-------------------------------------
密接:1201，次密接total：38
1078,1310,1375,1431,1434,1326,1277,1414,1460,1468,1479,864,1483,709,1505,1510,1512,724,707,933,720,830,884,1721,923,1040,1036,712,1049,1048,1305,1055,1061,1067,786,813,723,779,
-------------------------------------
密接:1721，次密接total：17
720,724,933,884,707,830,1201,923,1040,1036,712,1049,1048,864,1305,1055,1058,
-------------------------------------
密接:923，次密接total：23
830,720,723,786,1062,710,884,707,712,724,933,932,1201,1721,1040,1036,1049,1048,864,1305,1055,1058,1061,
-------------------------------------
密接:1036，次密接total：23
884,720,724,707,830,933,1201,1721,923,1040,712,1049,1048,864,1305,1055,1058,1061,1067,779,786,813,735,
-------------------------------------
fellowsfellows_personIds:['712', '1049', '1048', '864', '1305']
密接:712，次密接total：41
1365,722,710,757,709,720,735,713,774,724,723,708,786,707,818,813,816,794,826,830,849,845,779,864,1062,884,933,932,1187,1201,1721,923,1040,1036,1049,1048,1305,1055,1058,1061,1067,
-------------------------------------
密接:1049，次密接total：34
848,724,856,735,786,707,723,710,709,845,720,708,718,722,1365,757,1201,933,830,1721,923,1040,1036,712,884,1048,864,1055,1058,1061,1067,813,779,1785,
-------------------------------------
密接:1048，次密接total：20
1201,707,720,933,724,830,1721,923,1040,1036,712,1049,884,864,1305,1055,1058,1061,1067,786,
-------------------------------------
密接:864，次密接total：77
1431,1434,1326,1430,1414,1460,1201,1468,794,710,826,720,708,1479,712,707,830,786,723,1483,724,849,709,816,1505,845,1510,1310,1512,779,1508,1524,1277,1062,1300,1299,1302,1425,1387,1301,1297,1681,1696,1319,933,1358,1702,1721,1298,923,1040,1036,1049,884,1048,1305,1055,1061,813,1785,1819,1275,1814,1743,1327,1854,1855,1863,1865,1866,1858,1871,1878,1699,1885,1889,735,
-------------------------------------
密接:1305，次密接total：32
724,856,735,1049,786,707,723,710,709,845,720,708,718,722,1365,933,830,1721,804,923,1040,1036,712,884,1048,864,1055,1058,1061,1067,813,779,
-------------------------------------
fellowsfellows_personIds:['1055', '1058', '1061', '1067', '723']
密接:1055，次密接total：22
830,933,1721,707,720,804,923,1040,1036,721,712,1049,884,1048,864,1305,1058,1061,1067,786,813,723,
-------------------------------------
密接:1058，次密接total：232
781,1273,1292,1277,1294,1274,1313,1326,1172,1336,1295,1339,1342,1293,1351,1291,1311,1359,1361,1363,1286,1350,1366,1364,1367,1330,1346,1373,1371,1375,1372,1374,1376,1287,1285,1345,1397,1399,1383,1401,1428,1433,1431,1419,1434,1218,1439,1414,1448,1352,1457,1460,1462,1201,1468,1479,864,1487,1483,1445,1454,1435,709,1473,1505,1510,1512,1513,1508,1524,1495,1464,1534,1463,1467,1511,1268,1546,1083,1551,1566,1565,1485,1306,1181,1507,1562,1576,1391,1580,1289,1583,1586,1591,1592,1365,1597,1598,1599,1572,1606,1357,1602,1610,1616,1619,1623,1624,1628,1629,1630,1632,884,1618,1627,1498,1225,1640,1478,1644,1645,1646,1649,1634,1656,1657,1655,1661,1617,1662,1420,1667,1666,1417,1530,826,1658,1683,1689,1694,1701,1702,1608,1699,1703,1706,1535,1622,1709,1314,1275,1643,830,1327,933,1720,1721,707,720,1711,1713,1717,1725,923,1700,1728,1730,1040,1036,721,712,1049,1048,1305,1743,1055,1748,1755,1061,1752,1063,1353,786,1284,1763,1769,813,941,723,1776,779,1704,1782,1785,1779,1773,1791,1621,1790,1799,1861,1863,1866,1871,1883,1886,1890,1750,1894,1897,1784,1900,1896,1911,1909,1913,1893,1928,1931,1933,1929,1355,1935,1937,1924,1953,1927,1946,1977,1979,1407,1735,
-------------------------------------
密接:1061，次密接total：21
830,720,933,923,1040,1036,721,712,1049,884,1048,864,1305,1055,1058,707,1067,786,813,723,779,
-------------------------------------
密接:1067，次密接total：48
849,708,710,816,786,845,830,779,723,720,864,712,707,1062,884,724,1365,1646,1326,774,826,1683,1662,1689,1694,1688,781,1431,923,1040,933,1468,1036,1049,1048,1305,1055,1061,813,1785,1819,1273,1938,1943,1361,1949,1955,1890,
-------------------------------------
密接:723，次密接total：46
848,724,856,735,1049,786,707,710,709,845,720,708,718,722,1365,757,713,774,712,818,813,816,826,830,849,779,864,1062,884,1036,1048,933,1055,1058,1061,1067,1785,1273,1326,1938,1943,1361,1949,1955,1890,1310,
-------------------------------------
fellowsfellows_personIds:['779', '1326', '1863', '1866', '786']
密接:779，次密接total：49
848,724,856,735,1049,786,707,723,710,709,845,720,708,713,818,813,816,712,794,826,830,849,864,1062,1326,884,933,932,1187,1048,1055,1058,1061,1067,1785,1040,1036,1871,1877,1890,1897,1361,1863,1273,1938,1943,1949,1955,1310,
-------------------------------------
密接:1326，次密接total：60
781,1273,1078,1277,1274,1339,1351,1361,1363,1366,1367,1375,1431,1434,1414,1460,1201,1468,1479,864,1483,709,1505,1510,1512,1508,1524,1467,1551,1306,1592,1365,1598,1610,884,1640,1644,1646,1656,1662,826,1683,1689,1694,1702,1819,830,1040,1036,1863,1866,1871,933,1890,1897,779,1938,723,1943,1949,
-------------------------------------
密接:1863，次密接total：14
864,1326,830,1040,1036,1866,1871,933,1078,1890,1897,1361,779,1273,
-------------------------------------
密接:1866，次密接total：61
1275,1577,1587,1422,1596,1603,1555,1535,1605,1620,1621,1625,1314,1519,1641,1643,1648,1743,1748,927,1717,1752,1063,1353,1763,1769,941,1776,1704,1782,1791,1803,1606,1821,1406,864,830,1040,1036,1863,1871,1326,933,1878,1885,1890,1889,1897,1361,779,1273,1907,1912,1288,1312,1296,1963,1965,1971,1967,1283,
-------------------------------------
密接:786，次密接total：40
848,724,856,735,1049,707,723,710,709,845,720,708,718,722,1365,757,713,774,712,818,813,816,826,830,849,779,864,1062,884,933,932,1187,1036,1048,1055,1058,1061,1067,1785,1040,
-------------------------------------
fellowsfellows_personIds:['1871', '813', '735']
密接:1871，次密接total：14
864,830,1040,1036,1863,1866,1326,933,1078,1890,1897,1361,779,1273,
-------------------------------------
密接:813，次密接total：60
713,735,724,720,722,723,710,712,708,786,707,818,816,794,826,830,1275,1577,1587,1422,1596,1603,1555,1535,1605,1215,1620,1621,1625,1314,1519,1641,1643,1048,864,1305,933,1055,1058,1061,783,1067,779,1785,1302,1300,1840,1298,1297,1319,1754,1857,1859,1425,1303,1299,1189,1040,1903,884,
-------------------------------------
密接:735，次密接total：24
848,724,856,1049,786,707,723,710,709,845,720,708,718,722,1365,757,713,774,712,1036,813,884,1040,787,
-------------------------------------
【所有次密接total】：{1246}
流掉者: 414 , http://www.sfe.com/intersense/images/temp/20220623/80/72729523f08847a6abca52a92daf49cd.png
时间范围：2022-06-20 15:30:00 至 2022-06-20 16:00:00
refresh：False
=================================
【异常事件total】：0
copy_4_viper综合楼F区F1检验科出入口  ||  2022-06-20 15:51:32  ||  http://www.sfe.com/intersense/images/contact-tracing/face/cropped/20220623/142/20220620-0533f93f-00fe301e38ead9-0163acf8-00000da0.jpg
copy_4_viper综合楼F区F1检验科出入口  ||  2022-06-20 15:41:28  ||  http://www.sfe.com/intersense/images/contact-tracing/face/cropped/20220623/118/20220620-ef1633ad-00fe301e38ead9-014bb0c8-00000ed8.jpg
copy_4_viper综合楼F区F1检验科出入口  ||  2022-06-20 15:31:25  ||  http://www.sfe.com/intersense/images/contact-tracing/face/cropped/20220623/101/20220620-ef1633ad-00fe301e38ead9-01451730-00000c80.jpg
fellowsfellows_personIds:['66', '75', '235', '342', '364']
密接:66，次密接total：6
11,75,170,235,255,567,
-------------------------------------
密接:75，次密接total：19
66,235,342,364,20,194,297,369,63,185,202,276,321,417,114,332,491,24,156,
-------------------------------------
密接:235，次密接total：36
66,75,314,34,262,334,405,113,132,156,342,445,212,68,195,218,216,422,242,39,194,297,160,313,369,384,50,232,114,44,144,54,459,491,20,63,
-------------------------------------
密接:342，次密接total：24
66,75,235,271,170,246,156,174,457,113,132,445,405,212,297,369,491,127,292,384,260,437,29,63,
-------------------------------------
密接:364，次密接total：5
187,149,312,399,529,
-------------------------------------
【所有次密接total】：{90}
流掉者: 414 , http://www.sfe.com/intersense/images/temp/20220623/80/72729523f08847a6abca52a92daf49cd.png
时间范围：2022-06-20 15:30:00 至 2022-06-20 16:00:00
refresh：False
=================================
【异常事件total】：0
copy_4_viper综合楼F区F1检验科出入口  ||  2022-06-20 15:51:32  ||  http://www.sfe.com/intersense/images/contact-tracing/face/cropped/20220623/142/20220620-0533f93f-00fe301e38ead9-0163acf8-00000da0.jpg
copy_4_viper综合楼F区F1检验科出入口  ||  2022-06-20 15:41:28  ||  http://www.sfe.com/intersense/images/contact-tracing/face/cropped/20220623/118/20220620-ef1633ad-00fe301e38ead9-014bb0c8-00000ed8.jpg
copy_4_viper综合楼F区F1检验科出入口  ||  2022-06-20 15:31:25  ||  http://www.sfe.com/intersense/images/contact-tracing/face/cropped/20220623/101/20220620-ef1633ad-00fe301e38ead9-01451730-00000c80.jpg
【总耗时】：0.6942627429962158
流掉者: 414 , http://www.sfe.com/intersense/images/temp/20220623/80/72729523f08847a6abca52a92daf49cd.png
时间范围：2022-06-20 15:30:00 至 2022-06-20 16:00:00
refresh：False
=================================
【异常事件total】：0
copy_4_viper综合楼F区F1检验科出入口  ||  2022-06-20 15:51:32  ||  http://www.sfe.com/intersense/images/contact-tracing/face/cropped/20220623/142/20220620-0533f93f-00fe301e38ead9-0163acf8-00000da0.jpg
copy_4_viper综合楼F区F1检验科出入口  ||  2022-06-20 15:41:28  ||  http://www.sfe.com/intersense/images/contact-tracing/face/cropped/20220623/118/20220620-ef1633ad-00fe301e38ead9-014bb0c8-00000ed8.jpg
copy_4_viper综合楼F区F1检验科出入口  ||  2022-06-20 15:31:25  ||  http://www.sfe.com/intersense/images/contact-tracing/face/cropped/20220623/101/20220620-ef1633ad-00fe301e38ead9-01451730-00000c80.jpg
fellowsfellows_personIds:['66', '75', '235', '342', '364']
密接:66，次密接total：6
11,75,170,235,255,567,
-------------------------------------
密接:75，次密接total：19
66,235,342,364,20,194,297,369,63,185,202,276,321,417,114,332,491,24,156,
-------------------------------------
密接:235，次密接total：36
66,75,314,34,262,334,405,113,132,156,342,445,212,68,195,218,216,422,242,39,194,297,160,313,369,384,50,232,114,44,144,54,459,491,20,63,
-------------------------------------
密接:342，次密接total：24
66,75,235,271,170,246,156,174,457,113,132,445,405,212,297,369,491,127,292,384,260,437,29,63,
-------------------------------------
密接:364，次密接total：5
187,149,312,399,529,
-------------------------------------
【所有次密接total】：{90}
流掉者: 414 , http://www.sfe.com/intersense/images/temp/20220623/80/72729523f08847a6abca52a92daf49cd.png
时间范围：2022-06-20 15:30:00 至 2022-06-20 16:00:00
refresh：False
=================================
【异常事件total】：0
copy_4_viper综合楼F区F1检验科出入口  ||  2022-06-20 15:51:32  ||  http://www.sfe.com/intersense/images/contact-tracing/face/cropped/20220623/142/20220620-0533f93f-00fe301e38ead9-0163acf8-00000da0.jpg
copy_4_viper综合楼F区F1检验科出入口  ||  2022-06-20 15:41:28  ||  http://www.sfe.com/intersense/images/contact-tracing/face/cropped/20220623/118/20220620-ef1633ad-00fe301e38ead9-014bb0c8-00000ed8.jpg
copy_4_viper综合楼F区F1检验科出入口  ||  2022-06-20 15:31:25  ||  http://www.sfe.com/intersense/images/contact-tracing/face/cropped/20220623/101/20220620-ef1633ad-00fe301e38ead9-01451730-00000c80.jpg
fellowsfellows_personIds:['66', '75', '235', '342', '364']
密接:66，次密接total：6
11,75,170,235,255,567,
-------------------------------------
密接:75，次密接total：19
66,235,342,364,20,194,297,369,63,185,202,276,321,417,114,332,491,24,156,
-------------------------------------
密接:235，次密接total：36
66,75,314,34,262,334,405,113,132,156,342,445,212,68,195,218,144,216,422,242,39,194,297,160,313,369,384,50,232,114,44,54,459,491,20,63,
-------------------------------------
密接:342，次密接total：24
66,75,235,271,170,246,156,174,113,132,445,405,212,297,369,491,127,292,384,260,437,29,63,457,
-------------------------------------
密接:364，次密接total：5
187,149,312,399,529,
-------------------------------------
【所有次密接total】：{90}
流掉者: 414 , http://www.sfe.com/intersense/images/temp/20220623/80/72729523f08847a6abca52a92daf49cd.png
时间范围：2022-06-20 15:30:00 至 2022-06-20 16:00:00
refresh：False
=================================
【异常事件total】：0
copy_4_viper综合楼F区F1检验科出入口  ||  2022-06-20 15:51:32  ||  http://www.sfe.com/intersense/images/contact-tracing/face/cropped/20220623/142/20220620-0533f93f-00fe301e38ead9-0163acf8-00000da0.jpg
copy_4_viper综合楼F区F1检验科出入口  ||  2022-06-20 15:41:28  ||  http://www.sfe.com/intersense/images/contact-tracing/face/cropped/20220623/118/20220620-ef1633ad-00fe301e38ead9-014bb0c8-00000ed8.jpg
copy_4_viper综合楼F区F1检验科出入口  ||  2022-06-20 15:31:25  ||  http://www.sfe.com/intersense/images/contact-tracing/face/cropped/20220623/101/20220620-ef1633ad-00fe301e38ead9-01451730-00000c80.jpg
fellowsfellows_personIds:['66', '75', '235', '342', '364']
密接:66，次密接total：6
11,75,170,235,255,567,
-------------------------------------
密接:75，次密接total：19
66,235,342,364,20,194,297,369,63,185,202,276,321,417,114,332,491,24,156,
-------------------------------------
密接:235，次密接total：36
66,75,314,34,262,334,405,113,132,156,342,445,212,68,144,195,218,216,422,242,39,194,297,160,369,313,384,50,232,114,44,54,459,491,20,63,
-------------------------------------
密接:342，次密接total：24
66,75,235,271,170,246,156,174,457,113,132,445,405,212,297,369,491,127,292,384,260,437,29,63,
-------------------------------------
密接:364，次密接total：5
187,149,312,399,529,
-------------------------------------
【所有次密接total】：{90}
流掉者: 296 , http://www.sfe.com/intersense/images/temp/20220623/136/f2010b8a93264644b7c5660a348d3161.png
时间范围：2022-06-23 15:00:00 至 2022-06-23 16:00:00
refresh：False
=================================
【异常事件total】：0
viper-videos1_ch78-理想11F-北侧打印区1（门  ||  2022-06-23 15:03:27  ||  http://www.sfe.com/intersense/images/contact-tracing/face/cropped/20220623/249/20220623-9229a802-00fe301e38ead9-00813048-00002168.jpg
fellowsfellows_personIds:['23', '330', '360', '468', '501']
密接:23，次密接total：35
330,154,183,557,501,103,63,137,256,433,359,45,47,52,204,360,370,393,88,361,200,421,540,86,255,453,466,469,202,456,374,431,357,575,289,
-------------------------------------
密接:330，次密接total：32
23,360,103,451,516,557,63,137,256,289,433,359,45,200,204,393,469,86,154,421,468,491,471,351,453,88,361,434,472,572,114,456,
-------------------------------------
密接:360，次密接total：33
330,154,183,469,137,204,453,88,114,45,86,200,289,393,23,52,138,47,370,206,202,367,256,359,451,568,103,361,421,26,238,362,456,
-------------------------------------
密接:468，次密接total：12
45,86,137,154,200,330,393,421,469,117,360,453,
-------------------------------------
密接:501，次密接total：0

-------------------------------------
fellowsfellows_personIds:['117', '289', '63', '137', '256']
密接:117，次密接total：20
289,23,45,52,86,137,360,370,393,453,469,138,200,434,204,175,466,330,468,264,
-------------------------------------
密接:289，次密接total：25
23,137,256,359,433,451,73,45,86,114,204,393,453,568,88,103,360,313,466,330,361,183,357,355,401,
-------------------------------------
密接:63，次密接total：0

-------------------------------------
密接:137，次密接total：36
154,256,444,204,289,330,393,421,491,23,45,86,255,287,360,431,456,88,433,47,374,453,469,361,103,359,245,313,51,338,573,302,202,472,138,114,
-------------------------------------
密接:256，次密接total：39
137,154,393,444,47,204,289,330,421,491,23,45,52,86,202,360,367,453,469,88,361,200,255,466,370,117,138,574,103,550,309,73,415,402,245,359,451,564,114,
-------------------------------------
fellowsfellows_personIds:['433', '88', '361', '393', '434']
密接:433，次密接total：0

-------------------------------------
密接:88，次密接total：32
86,23,137,154,200,204,256,361,421,52,255,360,393,453,45,370,466,469,202,289,114,313,434,138,433,95,264,287,374,245,463,309,
-------------------------------------
密接:361，次密接total：31
23,88,256,330,393,434,453,472,572,86,466,468,557,137,202,360,52,154,204,200,421,540,255,289,313,31,401,51,245,302,374,
-------------------------------------
密接:393，次密接total：36
86,137,202,256,360,361,434,154,204,289,330,421,491,23,255,456,88,433,45,47,374,431,453,357,359,114,451,568,73,397,565,103,483,575,444,472,
-------------------------------------
密接:434，次密接total：0

-------------------------------------
fellowsfellows_personIds:['453', '472', '572', '45', '52']
密接:453，次密接total：9
88,360,137,45,51,86,302,569,245,
-------------------------------------
密接:472，次密接total：0

-------------------------------------
密接:572，次密接total：9
23,88,256,330,361,393,434,453,472,
-------------------------------------
密接:45，次密接total：14
86,88,402,202,369,434,138,200,204,52,95,264,287,31,
-------------------------------------
密接:52，次密接total：18
86,117,138,370,306,88,114,45,204,95,154,245,256,402,47,453,264,199,
-------------------------------------
fellowsfellows_personIds:['86', '138', '200', '204', '338']
密接:86，次密接total：14
23,45,137,154,204,255,287,360,456,88,393,52,138,200,
-------------------------------------
密接:138，次密接total：3
204,338,369,
-------------------------------------
密接:200，次密接total：8
95,188,264,287,52,117,370,434,
-------------------------------------
密接:204，次密接total：45
45,137,200,330,338,421,23,47,52,154,360,370,393,86,88,202,256,453,289,491,255,287,456,469,361,138,114,530,434,31,95,401,264,362,119,188,248,465,472,175,565,332,419,431,578,
-------------------------------------
密接:338，次密接total：9
106,122,270,271,318,416,152,163,248,
-------------------------------------
fellowsfellows_personIds:['421', '154', '255', '456', '47']
密接:421，次密接total：1
359,
-------------------------------------
密接:154，次密接total：37
45,86,137,200,330,393,421,468,469,204,289,256,491,23,255,360,431,456,88,433,138,52,565,47,73,415,245,202,238,362,183,206,114,472,287,359,369,
-------------------------------------
密接:255，次密接total：8
106,122,152,163,270,318,338,416,
-------------------------------------
密接:456，次密接total：2
289,454,
-------------------------------------
密接:47，次密接total：14
45,204,421,23,202,393,154,256,360,206,137,183,88,369,
-------------------------------------
fellowsfellows_personIds:['374', '431', '351', '359', '483']
密接:374，次密接total：0

-------------------------------------
密接:431，次密接total：0

-------------------------------------
密接:351，次密接total：0

-------------------------------------
密接:359，次密接total：25
103,183,289,211,330,360,421,95,188,453,23,137,256,73,451,45,86,88,568,393,471,433,469,367,351,
-------------------------------------
密接:483，次密接total：0

-------------------------------------
fellowsfellows_personIds:['575', '114']
密接:575，次密接total：3
393,483,23,
-------------------------------------
密接:114，次密接total：2
99,235,
-------------------------------------
【所有次密接total】：{552}
流掉者: 296 , http://www.sfe.com/intersense/images/temp/20220623/136/f2010b8a93264644b7c5660a348d3161.png
时间范围：2022-06-23 15:00:00 至 2022-06-23 16:00:00
refresh：False
=================================
【异常事件total】：0
viper-videos1_ch78-理想11F-北侧打印区1（门  ||  2022-06-23 15:03:27  ||  http://www.sfe.com/intersense/images/contact-tracing/face/cropped/20220623/249/20220623-9229a802-00fe301e38ead9-00813048-00002168.jpg
fellowsfellows_personIds:['23', '330', '360', '468', '501']
密接:23，次密接total：35
330,154,183,557,501,103,63,137,256,433,359,45,47,52,204,360,370,393,88,361,200,421,540,86,255,453,466,469,202,456,374,431,357,575,289,
-------------------------------------
密接:330，次密接total：32
23,360,103,451,516,557,63,137,256,289,433,359,45,200,204,393,469,86,154,421,468,491,471,351,453,88,361,434,472,572,114,456,
-------------------------------------
密接:360，次密接total：33
330,154,183,469,137,204,453,88,114,45,86,200,289,393,23,52,138,47,370,206,202,367,256,359,451,568,103,361,421,26,238,362,456,
-------------------------------------
密接:468，次密接total：12
45,86,137,154,200,330,393,421,469,117,360,453,
-------------------------------------
密接:501，次密接total：0

-------------------------------------
fellowsfellows_personIds:['117', '289', '63', '137', '256']
密接:117，次密接total：20
289,23,45,52,86,137,360,370,393,453,469,138,200,434,204,175,466,330,468,264,
-------------------------------------
密接:289，次密接total：25
23,137,256,359,433,451,73,45,86,114,204,393,453,568,88,103,360,313,466,330,361,183,357,355,401,
-------------------------------------
密接:63，次密接total：0

-------------------------------------
密接:137，次密接total：36
154,256,444,204,289,330,393,421,491,23,45,86,255,287,360,431,456,88,433,47,374,453,469,361,103,359,245,313,51,338,573,302,202,472,138,114,
-------------------------------------
密接:256，次密接total：39
137,154,393,444,47,204,289,330,421,491,23,45,52,86,202,360,367,453,469,88,361,200,255,466,370,117,138,574,103,550,309,73,415,402,245,359,451,564,114,
-------------------------------------
fellowsfellows_personIds:['433', '88', '361', '393', '434']
密接:433，次密接total：0

-------------------------------------
密接:88，次密接total：32
86,23,137,154,200,204,256,361,421,52,255,360,393,453,45,370,466,469,202,289,114,313,434,138,433,95,264,287,374,245,463,309,
-------------------------------------
密接:361，次密接total：31
23,88,256,330,393,434,453,472,572,86,466,468,557,137,202,360,52,154,204,200,421,540,255,289,313,31,401,51,245,302,374,
-------------------------------------
密接:393，次密接total：36
86,137,202,256,360,361,434,154,204,289,330,421,491,23,255,456,88,433,45,47,374,431,453,357,359,114,451,568,73,397,565,103,483,575,444,472,
-------------------------------------
密接:434，次密接total：0

-------------------------------------
fellowsfellows_personIds:['453', '472', '572', '45', '52']
密接:453，次密接total：9
88,360,137,45,51,86,302,569,245,
-------------------------------------
密接:472，次密接total：0

-------------------------------------
密接:572，次密接total：9
23,88,256,330,361,393,434,453,472,
-------------------------------------
密接:45，次密接total：14
86,88,402,202,369,434,138,200,204,52,95,264,287,31,
-------------------------------------
密接:52，次密接total：19
86,154,202,245,256,402,47,306,453,117,138,370,88,114,45,204,95,264,199,
-------------------------------------
fellowsfellows_personIds:['86', '138', '200', '204', '338']
密接:86，次密接total：35
23,45,137,154,204,255,287,360,456,88,393,138,469,52,117,370,306,114,492,529,200,371,361,453,256,434,466,468,557,202,472,47,374,431,471,
-------------------------------------
密接:138，次密接total：21
23,45,52,137,204,360,393,469,86,88,289,453,338,369,200,264,95,154,256,421,175,
-------------------------------------
密接:200，次密接total：4
95,188,264,287,
-------------------------------------
密接:204，次密接total：41
45,137,200,330,338,421,23,47,52,154,360,370,393,86,88,202,256,453,469,289,491,255,431,361,138,114,530,434,31,95,401,362,419,119,188,248,264,465,472,175,565,
-------------------------------------
密接:338，次密接total：6
106,122,270,271,318,416,
-------------------------------------
fellowsfellows_personIds:['421', '154', '255', '456', '47']
密接:421，次密接total：1
359,
-------------------------------------
密接:154，次密接total：34
45,86,137,200,330,393,421,468,469,204,289,256,491,23,255,287,360,431,456,88,138,52,565,47,73,415,245,202,238,362,183,206,114,472,
-------------------------------------
密接:255，次密接total：8
106,122,152,163,270,318,338,416,
-------------------------------------
密接:456，次密接total：0

-------------------------------------
密接:47，次密接total：10
45,204,421,23,202,393,256,154,360,206,
-------------------------------------
fellowsfellows_personIds:['374', '431', '351', '359', '483']
密接:374，次密接total：0

-------------------------------------
密接:431，次密接total：0

-------------------------------------
密接:351，次密接total：0

-------------------------------------
密接:359，次密接total：21
103,183,289,211,330,360,95,188,23,137,256,73,451,45,86,88,453,568,393,471,433,
-------------------------------------
密接:483，次密接total：0

-------------------------------------
fellowsfellows_personIds:['575', '114']
密接:575，次密接total：3
393,483,23,
-------------------------------------
密接:114，次密接total：2
99,235,
-------------------------------------
【所有次密接total】：{568}
流掉者: 414 , http://www.sfe.com/intersense/images/temp/20220704/80/6700bd3ec87547fba51de196b6acb69b.png
时间范围：2022-06-23 22:00:00 至 2022-06-23 23:00:00
refresh：False
=================================
【异常事件total】：0
viper-综合楼F区F1检验科大厅4  ||  2022-06-23 22:00:02  ||  http://www.sfe.com/intersense/images/contact-tracing/pedestrian/cropped/20220629/43/20220623-6dbdb18c-00fe301e38ead9-03c4fc28-00003840.jpg
viper-综合楼F区F1检验科大厅4  ||  2022-06-23 22:01:01  ||  http://www.sfe.com/intersense/images/contact-tracing/pedestrian/cropped/20220629/0/20220623-968e8429-00fe301e38ead9-03fb27d8-000047a8.jpg
viper-综合楼F区F1检验科大厅4  ||  2022-06-23 22:01:50  ||  http://www.sfe.com/intersense/images/contact-tracing/pedestrian/cropped/20220629/210/20220623-6d9250fe-00fe301e38ead9-03f7e958-00004f78.jpg
viper-综合楼F区F1检验科出入口  ||  2022-06-23 22:03:33  ||  http://www.sfe.com/intersense/images/contact-tracing/pedestrian/cropped/20220629/63/20220623-6ec06db6-00fe301e38ead9-03ca3bf8-00003e68.jpg
viper-综合楼F区F1检验科大厅4  ||  2022-06-23 22:09:54  ||  http://www.sfe.com/intersense/images/contact-tracing/pedestrian/cropped/20220629/7/20220623-6d9250fe-00fe301e38ead9-03fb10e0-00002778.jpg
viper-综合楼F区F1检验科大厅4  ||  2022-06-23 22:11:06  ||  http://www.sfe.com/intersense/images/contact-tracing/pedestrian/cropped/20220629/76/20220623-6d996758-00fe301e38ead9-04078018-00004870.jpg
viper-综合楼F区F1检验科大厅4  ||  2022-06-23 22:11:54  ||  http://www.sfe.com/intersense/images/contact-tracing/pedestrian/cropped/20220629/166/20220623-6ec06db6-00fe301e38ead9-03d14748-000047c0.jpg
viper-综合楼F区F1检验科出入口  ||  2022-06-23 22:13:38  ||  http://www.sfe.com/intersense/images/contact-tracing/pedestrian/cropped/20220629/202/20220623-92e606c7-00fe301e38ead9-03ead970-000045a0.jpg
viper-综合楼F区F1检验科大厅4  ||  2022-06-23 22:19:59  ||  http://www.sfe.com/intersense/images/contact-tracing/pedestrian/cropped/20220629/171/20220623-6d9250fe-00fe301e38ead9-040a90c0-000025a8.jpg
viper-综合楼F区F1检验科大厅4  ||  2022-06-23 22:21:10  ||  http://www.sfe.com/intersense/images/contact-tracing/pedestrian/cropped/20220629/5/20220623-a442a67c-00fe301e38ead9-04018a90-000047b0.jpg
viper-综合楼F区F1检验科大厅4  ||  2022-06-23 22:21:59  ||  http://www.sfe.com/intersense/images/contact-tracing/pedestrian/cropped/20220629/122/20220623-6fe26d59-00fe301e38ead9-03be7188-00004ec0.jpg
viper-综合楼F区F1检验科出入口  ||  2022-06-23 22:23:40  ||  http://www.sfe.com/intersense/images/contact-tracing/pedestrian/cropped/20220629/147/20220623-6d9250fe-00fe301e38ead9-040f17a8-00003da0.jpg
viper-综合楼F区F1检验科大厅4  ||  2022-06-23 22:25:32  ||  http://www.sfe.com/intersense/images/contact-tracing/pedestrian/cropped/20220629/97/20220623-6d9250fe-00fe301e38ead9-0413cb18-0000a8d0.jpg
viper-综合楼F区F1检验科大厅4  ||  2022-06-23 22:30:04  ||  http://www.sfe.com/intersense/images/contact-tracing/pedestrian/cropped/20220629/155/20220623-6ced27b2-00fe301e38ead9-0411b988-00002718.jpg
viper-综合楼F区F1检验科大厅4  ||  2022-06-23 22:31:15  ||  http://www.sfe.com/intersense/images/contact-tracing/pedestrian/cropped/20220629/102/20220623-b6b734ed-00fe301e38ead9-0411fee8-000047a8.jpg
viper-综合楼F区F1检验科大厅4  ||  2022-06-23 22:32:04  ||  http://www.sfe.com/intersense/images/contact-tracing/pedestrian/cropped/20220629/219/20220623-b6b734ed-00fe301e38ead9-0413fa70-00004f78.jpg
viper-综合楼F区F1检验科出入口  ||  2022-06-23 22:33:44  ||  http://www.sfe.com/intersense/images/contact-tracing/pedestrian/cropped/20220629/112/20220623-839b17c8-00fe301e38ead9-040eb438-00003e68.jpg
viper-综合楼F区F1检验科大厅4  ||  2022-06-23 22:40:08  ||  http://www.sfe.com/intersense/images/contact-tracing/pedestrian/cropped/20220629/158/20220623-6d996758-00fe301e38ead9-04217038-00002778.jpg
viper-综合楼F区F1检验科大厅4  ||  2022-06-23 22:41:20  ||  http://www.sfe.com/intersense/images/contact-tracing/pedestrian/cropped/20220629/177/20220623-92e606c7-00fe301e38ead9-0410f578-00004870.jpg
viper-综合楼F区F1检验科大厅4  ||  2022-06-23 22:42:09  ||  http://www.sfe.com/intersense/images/contact-tracing/pedestrian/cropped/20220629/238/20220623-92e606c7-00fe301e38ead9-0413ae10-000047c0.jpg
viper-综合楼F区F1检验科出入口  ||  2022-06-23 22:43:49  ||  http://www.sfe.com/intersense/images/contact-tracing/pedestrian/cropped/20220629/29/20220623-6d9250fe-00fe301e38ead9-04335f08-000045a0.jpg
viper-综合楼F区F1检验科大厅4  ||  2022-06-23 22:50:13  ||  http://www.sfe.com/intersense/images/contact-tracing/pedestrian/cropped/20220629/77/20220623-84517d7c-00fe301e38ead9-042a18c0-000025a8.jpg
viper-综合楼F区F1检验科大厅4  ||  2022-06-23 22:51:24  ||  http://www.sfe.com/intersense/images/contact-tracing/pedestrian/cropped/20220629/26/20220623-6d996758-00fe301e38ead9-0429d6e8-000047b0.jpg
viper-综合楼F区F1检验科大厅4  ||  2022-06-23 22:52:13  ||  http://www.sfe.com/intersense/images/contact-tracing/pedestrian/cropped/20220629/154/20220623-6d9250fe-00fe301e38ead9-0440c210-00004ec0.jpg
viper-综合楼F区F1检验科出入口  ||  2022-06-23 22:53:51  ||  http://www.sfe.com/intersense/images/contact-tracing/pedestrian/cropped/20220629/119/20220623-84517d7c-00fe301e38ead9-04302488-00003da0.jpg
viper-综合楼F区F1检验科大厅4  ||  2022-06-23 22:55:46  ||  http://www.sfe.com/intersense/images/contact-tracing/pedestrian/cropped/20220629/128/20220623-9ccd40bc-00fe301e38ead9-04494ba0-0000a8d0.jpg
fellowsfellows_personIds:['99', '145', '463', '75', '173']
密接:99，次密接total：15
156,274,342,29,66,229,262,423,111,235,39,20,273,575,74,
-------------------------------------
密接:145，次密接total：2
463,475,
-------------------------------------
密接:463，次密接total：4
52,86,117,370,
-------------------------------------
密接:75，次密接total：18
20,66,235,297,63,194,202,417,185,369,114,24,342,585,276,491,321,332,
-------------------------------------
密接:173，次密接total：5
75,99,145,463,273,
-------------------------------------
fellowsfellows_personIds:['66', '235', '342', '273', '475']
密接:66，次密接total：6
11,75,170,567,255,235,
-------------------------------------
密接:235，次密接total：40
75,314,342,34,262,405,113,132,212,334,301,195,218,423,420,66,242,10,382,39,297,20,585,369,384,50,232,114,44,529,194,63,160,54,459,313,491,19,422,255,
-------------------------------------
密接:342，次密接total：28
66,75,235,170,174,113,9,132,403,405,212,63,99,369,585,127,292,384,491,271,246,529,260,437,156,29,255,457,
-------------------------------------
密接:273，次密接total：4
20,297,338,99,
-------------------------------------
密接:475，次密接total：2
127,352,
-------------------------------------
【所有次密接total】：{124}
